z1=[0 0 150 150 0 0]
z2=[0 0 700 700 0 0]
h=[0 0.5 1.5 2.5 3 4]
M=[230 0 0 0 0 0;0 230 0 0 0 0;0 0 230 0 0 0;0 0 0 8.21 1.27 4.5;0 0 0 1.27 22.04 -3.8;0 0 0 4.5 -3.8 20.19]
C=[473000 0 0 0 -50485 -1182.5;0 470000 0 87326 0 182644;0 0 1020000 2550 -67400 0;0 87326 2550 67546.9 -168.5 50820.2;-50485 0 -67400 -168.5 146830.865 126.2125;-1182.5 182644 0 50820.2 126.2125 168704]/1000
K=[473000 0 0 0 -50485 -1182.5;0 470000 0 87326 0 182644;0 0 1020000 2550 -67400 0;0 87326 2550 67546.9 -168.5 50820.2;-50485 0 -67400 -168.5 146830.865 126.2125;-1182.5 182644 0 50820.2 126.2125 168704]
M1=inv(M)